================================================================================
 데이터 분할 현황
================================================================================
   Client  Num Samples  Class 0  Class 1  Class 2  Class 3  Class 4  Class 5  Class 6  Class 7  Class 8  Class 9
0       0         3702       58      935      667      157      347      361      274      419       62      422
1       1         3398      448       50      234      881      317      490       55      511      353       59
2       2         5798     1210       52      482      541      642      212       75      202     2246      136
3       3         6461      180     1750       51       76      494     1025      617     1516      107      645
4       4         8058      744      382      762      208     2092      869     2355      286      284       76
5       5         3282      124      248      877      200       61      334      347      384      362      345
6       6         9048      101      236     1210     1697       63      201      966     1367     1102     2105
7       7         2138       50      269      259      153       91      513       50      180      339      234
8       8         5453     1898      868      402      522      146      800      143       50       86      538
9       9         2662      187      210       56      565      747      195      118       85       59      440

================================================================================
 라운드별 글로벌 모델 정확도
================================================================================
       Overall_Accuracy  Poisoned_Acc([1,5,8])
Round                                         
1                0.1215                 0.0000
2                0.4027                 0.2010
3                0.5572                 0.3403
4                0.6230                 0.4590
5                0.6688                 0.5500
6                0.7090                 0.6373
7                0.7311                 0.6723
8                0.7451                 0.7080
9                0.7440                 0.6933
10               0.7420                 0.6697
11               0.7557                 0.6973
12               0.7582                 0.7093
13               0.7634                 0.7087
14               0.7746                 0.7277
15               0.7697                 0.7473
16               0.7727                 0.7313
17               0.7766                 0.7397
18               0.7744                 0.7380
19               0.7802                 0.7633
20               0.7774                 0.7450
21               0.7693                 0.7203
22               0.7766                 0.7497
23               0.7756                 0.7337
24               0.7719                 0.7290
25               0.7721                 0.7350
26               0.7707                 0.7273
27               0.7746                 0.7410
28               0.7675                 0.7220
29               0.7673                 0.7257
30               0.7705                 0.7243
31               0.7711                 0.7380
32               0.7708                 0.7360
33               0.7717                 0.7343
34               0.7678                 0.7187
35               0.7646                 0.7080
36               0.7659                 0.7210
37               0.7676                 0.7207
38               0.7654                 0.7193
39               0.7586                 0.7023
40               0.7653                 0.7250
41               0.7626                 0.7087
42               0.7631                 0.7117
43               0.7682                 0.7340
44               0.7594                 0.7000
45               0.7716                 0.7357
46               0.7625                 0.7237
47               0.7679                 0.7267
48               0.7607                 0.7060
49               0.7663                 0.7260
50               0.7576                 0.6863
51               0.7608                 0.7043
52               0.7583                 0.6970
53               0.7559                 0.6957
54               0.7580                 0.7070
55               0.7631                 0.7140
56               0.7652                 0.7183
57               0.7660                 0.7220
58               0.7609                 0.7020
59               0.7657                 0.7380
60               0.7523                 0.6783
61               0.7595                 0.7080
62               0.7570                 0.6913
63               0.7611                 0.7153
64               0.7543                 0.6923
65               0.7625                 0.7160
66               0.7595                 0.7073
67               0.7593                 0.7103
68               0.7600                 0.7083
69               0.7595                 0.7020
70               0.7618                 0.7183
71               0.7587                 0.7030
72               0.7574                 0.6977
73               0.7571                 0.7117
74               0.7569                 0.7060
75               0.7584                 0.7103
76               0.7518                 0.6867
77               0.7634                 0.7230
78               0.7386                 0.6387
79               0.7730                 0.7450
80               0.7452                 0.6510
81               0.7653                 0.7220
82               0.7567                 0.6920
83               0.7630                 0.7207
84               0.7523                 0.6817
85               0.7627                 0.7300
86               0.7528                 0.6903
87               0.7569                 0.6957
88               0.7464                 0.6617
89               0.7621                 0.7107
90               0.7525                 0.6830
91               0.7593                 0.7077
92               0.7601                 0.7107
93               0.7548                 0.6793
94               0.7518                 0.6770
95               0.7626                 0.7207
96               0.7459                 0.6650
97               0.7579                 0.7027
98               0.7684                 0.7273
99               0.7489                 0.6640
100              0.7591                 0.7083
101              0.7599                 0.7123
102              0.7631                 0.7130
103              0.7600                 0.7083
104              0.7576                 0.7003
105              0.7605                 0.7067
106              0.7565                 0.6937
107              0.7591                 0.7087
108              0.7521                 0.6750
109              0.7625                 0.7097
110              0.7501                 0.6707
111              0.7572                 0.6953
112              0.7550                 0.6960
113              0.7592                 0.7093
114              0.7526                 0.6880
115              0.7632                 0.7240
116              0.7470                 0.6610
117              0.7597                 0.7057
118              0.7645                 0.7293
119              0.7476                 0.6683
120              0.7611                 0.7143
121              0.7494                 0.6767
122              0.7582                 0.7080
123              0.7454                 0.6620
124              0.7578                 0.7117
125              0.7669                 0.7320
126              0.7548                 0.6847
127              0.7646                 0.7180
128              0.7621                 0.7003
129              0.7588                 0.7067
130              0.7593                 0.7027
131              0.7650                 0.7127
132              0.7508                 0.6620
133              0.7646                 0.7207
134              0.7522                 0.6803
135              0.7531                 0.6847
136              0.7473                 0.6650
137              0.7617                 0.7140
138              0.7575                 0.6940
139              0.7547                 0.6890
140              0.7473                 0.6600
141              0.7641                 0.7257
142              0.7516                 0.6797
143              0.7667                 0.7263
144              0.7437                 0.6603
145              0.7570                 0.6890
146              0.7514                 0.6773
147              0.7581                 0.7043
148              0.7520                 0.6803
149              0.7549                 0.6877
150              0.7615                 0.7017
151              0.7772                 0.7550
152              0.7429                 0.6457
153              0.7651                 0.7270
154              0.7241                 0.5847
155              0.7643                 0.7373
156              0.7472                 0.6597
157              0.7500                 0.6717
158              0.7605                 0.7193
159              0.7522                 0.6880
160              0.7580                 0.7107
161              0.7594                 0.7130
162              0.7582                 0.7103
163              0.7541                 0.6860
164              0.7522                 0.6860
165              0.7579                 0.7027
166              0.7496                 0.6733
167              0.7594                 0.7020
168              0.7367                 0.6293
169              0.7652                 0.7287
170              0.7488                 0.6710
171              0.7519                 0.6877
172              0.7683                 0.7380
173              0.7533                 0.6873
174              0.7550                 0.6893
175              0.7548                 0.6943
176              0.7662                 0.7313
177              0.7483                 0.6713
178              0.7656                 0.7313
179              0.7504                 0.6823
180              0.7577                 0.7057
181              0.7573                 0.7070
182              0.7519                 0.6767
183              0.7567                 0.7023
184              0.7517                 0.6800
185              0.7681                 0.7403
186              0.7486                 0.6700
187              0.7608                 0.7153
188              0.7539                 0.6917
189              0.7562                 0.7043
190              0.7517                 0.6893
191              0.7575                 0.7107
192              0.7492                 0.6773
193              0.7596                 0.7163
194              0.7696                 0.7390
195              0.7530                 0.6863
196              0.7559                 0.6927
197              0.7551                 0.6937
198              0.7554                 0.7023
199              0.7502                 0.6743
200              0.7595                 0.7123

================================================================================
 라운드별 모델 합성 가중치
================================================================================
           client_0_weight  client_1_weight  client_2_weight  client_3_weight  client_4_weight  client_5_weight  client_6_weight  client_7_weight  client_8_weight  client_9_weight
Round 1           0.137413         0.062465         0.105622         0.176748         0.114871         0.129020         0.138037         0.015616         0.051695         0.068514
Round 2           0.118935         0.085035         0.091103         0.155072         0.113503         0.113960         0.154844         0.036186         0.060673         0.070689
Round 3           0.107809         0.100708         0.089501         0.149213         0.129710         0.112500         0.122991         0.044058         0.067561         0.075949
Round 4           0.117759         0.094622         0.105038         0.141722         0.130582         0.113219         0.112643         0.042365         0.068410         0.073638
Round 5           0.104295         0.101430         0.110230         0.129364         0.133097         0.113159         0.120220         0.050836         0.067833         0.069536
Round 6           0.120645         0.092463         0.117349         0.122236         0.123387         0.117296         0.121412         0.053650         0.064561         0.067001
Round 7           0.122200         0.095123         0.115114         0.125902         0.124170         0.127429         0.109996         0.048587         0.060777         0.070702
Round 8           0.123480         0.107139         0.119988         0.119653         0.122050         0.117994         0.107766         0.051905         0.058452         0.071573
Round 9           0.121009         0.105004         0.119691         0.129122         0.113139         0.120053         0.108876         0.048605         0.061850         0.072652
Round 10          0.122332         0.110287         0.116928         0.119105         0.119964         0.115937         0.110162         0.053453         0.058201         0.073630
Round 11          0.116192         0.113226         0.117909         0.119854         0.120353         0.119081         0.108441         0.048875         0.062624         0.073444
Round 12          0.123389         0.118147         0.114559         0.113908         0.117372         0.123042         0.101411         0.052975         0.064924         0.070273
Round 13          0.122846         0.117603         0.111351         0.118262         0.113098         0.124617         0.108799         0.053584         0.061610         0.068231
Round 14          0.119667         0.119502         0.109305         0.119308         0.115114         0.126758         0.107653         0.053147         0.059836         0.069710
Round 15          0.126507         0.121106         0.110909         0.114045         0.114924         0.127366         0.105610         0.053052         0.060503         0.065977
Round 16          0.131823         0.122716         0.108527         0.117885         0.112654         0.129643         0.104152         0.051416         0.060409         0.060775
Round 17          0.128364         0.117349         0.109917         0.121748         0.115222         0.133088         0.108674         0.047840         0.061592         0.056207
Round 18          0.131915         0.123223         0.110101         0.124021         0.104739         0.129938         0.105598         0.047561         0.064645         0.058258
Round 19          0.132493         0.122272         0.110919         0.122081         0.110554         0.130009         0.107524         0.050342         0.057028         0.056778
Round 20          0.133095         0.126004         0.115592         0.119829         0.108347         0.127404         0.103813         0.054797         0.055799         0.055319
Round 21          0.133414         0.117962         0.113648         0.122484         0.105527         0.132056         0.109520         0.050835         0.058346         0.056208
Round 22          0.133346         0.108116         0.120700         0.119546         0.112699         0.131857         0.106925         0.048844         0.055984         0.061983
Round 23          0.133343         0.118414         0.112048         0.119549         0.103238         0.130928         0.112979         0.050230         0.055630         0.063641
Round 24          0.129365         0.120131         0.115375         0.117648         0.108522         0.127764         0.112588         0.048492         0.055119         0.064996
Round 25          0.130295         0.123835         0.103575         0.118685         0.108976         0.128200         0.113486         0.053007         0.053788         0.066153
Round 26          0.128211         0.124587         0.110138         0.117710         0.112778         0.126935         0.114295         0.046961         0.051546         0.066839
Round 27          0.128598         0.125057         0.108339         0.117845         0.116694         0.125691         0.114768         0.045272         0.054593         0.063143
Round 28          0.130148         0.105860         0.110186         0.121546         0.117201         0.128633         0.114105         0.047448         0.057309         0.067565
Round 29          0.129537         0.101985         0.117821         0.122119         0.113758         0.130327         0.115625         0.046594         0.055200         0.067035
Round 30          0.127365         0.114021         0.116958         0.120148         0.116338         0.127227         0.113404         0.043962         0.053842         0.066735
Round 31          0.127059         0.120326         0.119324         0.119456         0.116018         0.126966         0.114978         0.043411         0.050878         0.061586
Round 32          0.127055         0.119020         0.107893         0.120576         0.121115         0.126552         0.114936         0.049001         0.051338         0.062514
Round 33          0.126561         0.123029         0.111400         0.118576         0.113897         0.126046         0.113841         0.048390         0.050044         0.068215
Round 34          0.126130         0.126324         0.114397         0.117957         0.116063         0.125999         0.112830         0.049014         0.051812         0.059474
Round 35          0.123877         0.125010         0.115105         0.116634         0.115182         0.121957         0.109975         0.050314         0.056642         0.065305
Round 36          0.123386         0.126500         0.110755         0.115918         0.113907         0.123940         0.111876         0.045475         0.059771         0.068473
Round 37          0.124524         0.126455         0.114434         0.114455         0.119462         0.125563         0.113110         0.046802         0.048891         0.066304
Round 38          0.123869         0.125878         0.114864         0.114671         0.118435         0.121899         0.111826         0.047745         0.051633         0.069180
Round 39          0.123524         0.124068         0.115561         0.115980         0.118580         0.122739         0.112043         0.044873         0.051800         0.070834
Round 40          0.122428         0.122443         0.115447         0.112227         0.117338         0.123644         0.111475         0.048333         0.054874         0.071791
Round 41          0.122893         0.123558         0.116887         0.114506         0.115290         0.122954         0.112282         0.048066         0.052023         0.071539
Round 42          0.125565         0.125904         0.115358         0.106778         0.117577         0.124732         0.113418         0.045906         0.053062         0.071701
Round 43          0.126593         0.127238         0.116789         0.111499         0.117420         0.126185         0.112248         0.050204         0.051785         0.060038
Round 44          0.125070         0.125510         0.115818         0.114305         0.116752         0.124931         0.110568         0.050593         0.052473         0.063981
Round 45          0.125340         0.127533         0.092803         0.116029         0.118171         0.126000         0.113930         0.053217         0.057049         0.069928
Round 46          0.126691         0.129247         0.107935         0.119789         0.120400         0.126512         0.115185         0.041189         0.059908         0.053143
Round 47          0.123072         0.125937         0.110166         0.117160         0.118789         0.123132         0.112592         0.045287         0.059452         0.064413
Round 48          0.121504         0.124956         0.111362         0.115500         0.117142         0.123107         0.112799         0.048326         0.058892         0.066413
Round 49          0.122664         0.124754         0.112303         0.115198         0.118399         0.123006         0.112764         0.051110         0.048653         0.071149
Round 50          0.123155         0.125745         0.093596         0.116287         0.119398         0.124950         0.111556         0.054876         0.055211         0.075225
Round 51          0.121722         0.121590         0.103172         0.115219         0.117778         0.122844         0.111192         0.052252         0.058307         0.075924
Round 52          0.121560         0.121984         0.108073         0.115813         0.116100         0.122105         0.106603         0.052547         0.060286         0.074928
Round 53          0.121240         0.120751         0.109702         0.114681         0.115861         0.122320         0.108920         0.051524         0.058788         0.076212
Round 54          0.123378         0.124242         0.113815         0.117162         0.117930         0.124266         0.110700         0.052804         0.051239         0.064464
Round 55          0.122257         0.119992         0.115561         0.115310         0.117865         0.123444         0.108245         0.052507         0.055069         0.069749
Round 56          0.126716         0.109033         0.120951         0.118172         0.108802         0.127680         0.115610         0.054059         0.060063         0.058915
Round 57          0.124863         0.117185         0.118385         0.117530         0.114763         0.124429         0.115084         0.053922         0.062449         0.051388
Round 58          0.121886         0.119014         0.115719         0.115619         0.115405         0.122106         0.112164         0.053017         0.060614         0.064456
Round 59          0.123770         0.109662         0.099380         0.118621         0.119654         0.124138         0.115580         0.053070         0.063476         0.072647
Round 60          0.121838         0.115118         0.106981         0.116629         0.117322         0.122150         0.112630         0.050422         0.063054         0.073854
Round 61          0.121855         0.119999         0.094545         0.117190         0.116959         0.122840         0.112797         0.052250         0.062596         0.078967
Round 62          0.120126         0.121079         0.102375         0.116084         0.114800         0.122635         0.112403         0.053252         0.060437         0.076809
Round 63          0.118790         0.120508         0.104687         0.114564         0.115947         0.121373         0.110168         0.054152         0.061937         0.077875
Round 64          0.117656         0.119489         0.108950         0.114890         0.115683         0.120835         0.110436         0.054499         0.061430         0.076132
Round 65          0.117627         0.113256         0.112706         0.114666         0.115745         0.121242         0.111060         0.054375         0.061818         0.077505
Round 66          0.117694         0.116201         0.112752         0.114175         0.116048         0.120542         0.110837         0.054155         0.061875         0.075722
Round 67          0.116892         0.117952         0.112694         0.113449         0.115311         0.119853         0.110953         0.051294         0.062873         0.078728
Round 68          0.118126         0.119498         0.114944         0.115105         0.115673         0.119999         0.111874         0.050939         0.051454         0.082389
Round 69          0.117541         0.118687         0.113669         0.114873         0.116145         0.119960         0.111869         0.050672         0.055622         0.080961
Round 70          0.117397         0.117702         0.113221         0.114906         0.116689         0.119563         0.111517         0.049321         0.059461         0.080221
Round 71          0.118524         0.118015         0.108302         0.115362         0.116650         0.120382         0.112295         0.050229         0.059001         0.081239
Round 72          0.117711         0.116722         0.111036         0.114740         0.116205         0.119663         0.111670         0.051532         0.060099         0.080623
Round 73          0.116741         0.117224         0.110045         0.114244         0.115682         0.119580         0.111511         0.051779         0.061351         0.081843
Round 74          0.116147         0.117671         0.112681         0.114285         0.115584         0.119424         0.111213         0.051515         0.059938         0.081542
Round 75          0.117038         0.117722         0.114133         0.114209         0.113401         0.118633         0.111638         0.049636         0.059880         0.083711
Round 76          0.116947         0.118234         0.114724         0.114225         0.115567         0.118956         0.112516         0.047995         0.057845         0.082989
Round 77          0.116516         0.116883         0.112486         0.114422         0.116445         0.118569         0.112633         0.052623         0.060332         0.079092
Round 78          0.119162         0.119899         0.116592         0.116650         0.118798         0.120299         0.114871         0.054433         0.058439         0.060858
Round 79          0.120453         0.120636         0.116806         0.115947         0.119833         0.121928         0.093773         0.055827         0.062053         0.072743
Round 80          0.118552         0.118862         0.114470         0.115263         0.117796         0.120089         0.102626         0.053555         0.063184         0.075604
Round 81          0.117174         0.118338         0.113988         0.114483         0.117098         0.118936         0.106991         0.050793         0.063456         0.078743
Round 82          0.118050         0.114057         0.114102         0.115373         0.119253         0.120802         0.111680         0.053295         0.051571         0.081817
Round 83          0.117901         0.115773         0.113205         0.113698         0.117001         0.119602         0.111515         0.049078         0.058079         0.084149
Round 84          0.118076         0.117954         0.114660         0.113923         0.117925         0.119902         0.112987         0.050706         0.059514         0.074353
Round 85          0.116770         0.117179         0.112707         0.112387         0.116455         0.118029         0.112681         0.053346         0.059532         0.080914
Round 86          0.119041         0.101263         0.116119         0.115701         0.116580         0.120407         0.114446         0.055136         0.063427         0.077880
Round 87          0.119650         0.110049         0.116048         0.111793         0.118263         0.120709         0.114368         0.056602         0.063187         0.069330
Round 88          0.117081         0.114372         0.113251         0.113307         0.117604         0.119079         0.112481         0.053776         0.063878         0.075170
Round 89          0.118125         0.116561         0.113425         0.114873         0.118401         0.119991         0.113803         0.052573         0.066002         0.066245
Round 90          0.117529         0.117314         0.111943         0.114440         0.117160         0.119144         0.113126         0.049327         0.065411         0.074606
Round 91          0.116192         0.116518         0.111945         0.113837         0.115612         0.117913         0.112960         0.051665         0.063714         0.079644
Round 92          0.116428         0.116476         0.112806         0.113087         0.112958         0.116774         0.112561         0.054229         0.062846         0.081836
Round 93          0.116700         0.117878         0.107172         0.115650         0.115459         0.117880         0.114203         0.055697         0.064682         0.074679
Round 94          0.115926         0.115716         0.109042         0.112978         0.115275         0.117308         0.113420         0.055124         0.066040         0.079170
Round 95          0.115614         0.115431         0.110568         0.112520         0.114367         0.116992         0.106731         0.056680         0.068250         0.082848
Round 96          0.116242         0.116682         0.110475         0.112660         0.115411         0.117285         0.110001         0.056438         0.067181         0.077626
Round 97          0.116077         0.116659         0.112082         0.113010         0.115899         0.117439         0.109880         0.057106         0.065664         0.076185
Round 98          0.117714         0.090432         0.114671         0.114812         0.118499         0.119306         0.113171         0.059326         0.068063         0.084004
Round 99          0.118591         0.104801         0.116828         0.115221         0.118684         0.120378         0.115243         0.056747         0.065834         0.067672
Round 100         0.116183         0.110867         0.115202         0.114353         0.116593         0.118764         0.113132         0.054967         0.064499         0.075440
Round 101         0.115572         0.113364         0.113255         0.114252         0.113583         0.118335         0.110291         0.055318         0.065077         0.080953
Round 102         0.119204         0.118087         0.079413         0.117650         0.118410         0.121694         0.114254         0.056491         0.068579         0.086218
Round 103         0.117448         0.116657         0.096659         0.115106         0.116965         0.119776         0.110871         0.055609         0.067132         0.083777
Round 104         0.116506         0.116239         0.104776         0.113526         0.115235         0.118078         0.111272         0.056419         0.063421         0.084528
Round 105         0.115292         0.115272         0.108501         0.112720         0.114797         0.116260         0.111335         0.057416         0.064872         0.083534
Round 106         0.114939         0.115074         0.110025         0.112609         0.114614         0.116072         0.111176         0.056599         0.063998         0.084893
Round 107         0.114439         0.114584         0.110682         0.111793         0.113799         0.115875         0.110572         0.057931         0.063963         0.086364
Round 108         0.115314         0.115657         0.111591         0.112851         0.114801         0.116498         0.112135         0.056518         0.064666         0.079969
Round 109         0.114461         0.113585         0.111668         0.111387         0.114072         0.115695         0.111463         0.058812         0.065194         0.083664
Round 110         0.114204         0.113590         0.111947         0.110905         0.113667         0.115164         0.111404         0.058474         0.066153         0.084492
Round 111         0.114892         0.113647         0.112168         0.112409         0.113585         0.115856         0.111940         0.053603         0.065284         0.086617
Round 112         0.114901         0.114045         0.112039         0.112579         0.113123         0.115831         0.110698         0.054830         0.064638         0.087316
Round 113         0.113984         0.113824         0.111961         0.112263         0.113110         0.115170         0.110784         0.057390         0.063863         0.087651
Round 114         0.113844         0.113531         0.111913         0.112673         0.113518         0.115161         0.111732         0.057979         0.062106         0.087544
Round 115         0.118052         0.117131         0.101107         0.117123         0.118044         0.118998         0.112137         0.060962         0.046633         0.089814
Round 116         0.117271         0.116518         0.107669         0.115808         0.110676         0.118312         0.113477         0.058301         0.055004         0.086965
Round 117         0.114756         0.114587         0.109171         0.113623         0.111670         0.116413         0.112065         0.059212         0.060113         0.088390
Round 118         0.118264         0.086448         0.111155         0.117244         0.116386         0.119288         0.115400         0.059823         0.064612         0.091380
Round 119         0.117155         0.100373         0.112768         0.114869         0.115908         0.117935         0.113588         0.054969         0.066935         0.085499
Round 120         0.115736         0.106686         0.110570         0.114572         0.114145         0.116685         0.112141         0.057150         0.066964         0.085350
Round 121         0.115318         0.110364         0.110645         0.113589         0.113700         0.116026         0.110961         0.056646         0.067487         0.085265
Round 122         0.115275         0.104727         0.110111         0.113615         0.113715         0.116044         0.111663         0.059184         0.068153         0.087512
Round 123         0.114371         0.109775         0.111111         0.113721         0.113425         0.116201         0.112143         0.056617         0.065860         0.086777
Round 124         0.113608         0.111166         0.109875         0.112522         0.112663         0.115149         0.111265         0.057931         0.067230         0.088589
Round 125         0.116574         0.115226         0.110767         0.115959         0.094583         0.115906         0.114439         0.059767         0.066804         0.089976
Round 126         0.118649         0.101808         0.109422         0.117689         0.107551         0.118055         0.116227         0.057364         0.063374         0.089859
Round 127         0.116201         0.107542         0.110694         0.115342         0.111598         0.117457         0.113075         0.057044         0.063831         0.087214
Round 128         0.117030         0.112618         0.102604         0.116553         0.114903         0.118061         0.113076         0.056271         0.064987         0.083898
Round 129         0.117137         0.110251         0.107680         0.115520         0.116448         0.118154         0.112454         0.054520         0.065435         0.082400
Round 130         0.116034         0.112697         0.107331         0.114309         0.115783         0.116967         0.111414         0.057191         0.065205         0.083069
Round 131         0.118151         0.116017         0.094184         0.116987         0.117656         0.118832         0.114237         0.056332         0.063277         0.084326
Round 132         0.116540         0.115621         0.104103         0.116124         0.116047         0.117545         0.112459         0.054737         0.064093         0.082730
Round 133         0.114887         0.113973         0.108524         0.114333         0.114676         0.115990         0.110476         0.056602         0.064585         0.085957
Round 134         0.115009         0.114451         0.110624         0.114274         0.113609         0.115973         0.110717         0.054802         0.063289         0.087252
Round 135         0.115337         0.115136         0.111728         0.114397         0.114768         0.114049         0.111464         0.056691         0.064763         0.081667
Round 136         0.117596         0.116750         0.112423         0.116831         0.117363         0.117442         0.114174         0.061805         0.066661         0.058954
Round 137         0.115221         0.113601         0.111979         0.113696         0.115085         0.115740         0.111963         0.061517         0.067400         0.073798
Round 138         0.115329         0.113402         0.112769         0.113762         0.114790         0.115744         0.111032         0.061820         0.067270         0.074080
Round 139         0.114389         0.112362         0.112633         0.113741         0.114510         0.115680         0.111544         0.060933         0.065800         0.078407
Round 140         0.117529         0.115610         0.115147         0.115999         0.117443         0.118213         0.114327         0.062297         0.061997         0.061439
Round 141         0.115603         0.112873         0.112446         0.113711         0.114395         0.116479         0.111422         0.061484         0.065733         0.075854
Round 142         0.115631         0.113836         0.112206         0.114358         0.115014         0.116440         0.112283         0.059767         0.056062         0.084402
Round 143         0.114143         0.112474         0.110671         0.112698         0.113485         0.114841         0.110533         0.060307         0.063298         0.087550
Round 144         0.115995         0.113605         0.112669         0.113439         0.114820         0.116573         0.112876         0.055126         0.067023         0.077873
Round 145         0.116444         0.089168         0.112523         0.115318         0.116940         0.117842         0.114680         0.061772         0.068777         0.086536
Round 146         0.115959         0.100945         0.111413         0.113988         0.115484         0.116584         0.113370         0.058118         0.066302         0.087837
Round 147         0.115301         0.106679         0.112136         0.113478         0.115311         0.116534         0.112801         0.060483         0.068757         0.078520
Round 148         0.114467         0.110339         0.106256         0.113137         0.114304         0.115964         0.111314         0.060508         0.067704         0.086006
Round 149         0.113792         0.111552         0.108146         0.111995         0.113655         0.114888         0.110641         0.058293         0.068462         0.088578
Round 150         0.116457         0.114763         0.099055         0.115421         0.116568         0.117644         0.113518         0.063916         0.069958         0.072701
Round 151         0.117566         0.099344         0.101383         0.116095         0.118092         0.119175         0.114579         0.060730         0.069962         0.083074
Round 152         0.116395         0.108022         0.108552         0.115022         0.116337         0.117657         0.112293         0.057693         0.067132         0.080896
Round 153         0.114029         0.109934         0.109923         0.113642         0.114906         0.116489         0.110794         0.058517         0.067481         0.084284
Round 154         0.113951         0.111969         0.112307         0.113302         0.114600         0.115836         0.111514         0.056686         0.066343         0.083492
Round 155         0.111869         0.112231         0.110569         0.111890         0.112268         0.115616         0.111738         0.058822         0.067450         0.087547
Round 156         0.113140         0.112967         0.112919         0.111956         0.113251         0.115047         0.110349         0.057508         0.065839         0.087026
Round 157         0.115309         0.114715         0.113590         0.114257         0.115421         0.116899         0.112353         0.061571         0.067950         0.067934
Round 158         0.114055         0.113616         0.111686         0.113245         0.114155         0.115610         0.111461         0.061791         0.064895         0.079486
